
> serialize@1.0.0 start /home/pasha/www/tests/serialise
> node ./run.js

/////// TEST 1-3 //////////
    source:               1,2,3
    serialized:           082033
    Compression ratio:    120%

/////// TEST random 50 //////////
    source:               227,151,101,269,107,228,183,256,114,248,67,81,237,72,264,293,225,108,195,59,156,205,212,257,51,189,70,204,101,268,182,196,57,265,139,20,137,281,272,70,33,266,36,189,107,57,231,146,151,194
    serialized:           sqncIddrAmY0ejU8phtF8x4Bs9IooXjzdqA16qZ8PccIcmP47c9hokhcpy164ca4yZdoVsWiiX26
    Compression ratio:    41%

/////// TEST random 100 //////////
    source:               193,62,111,41,249,280,267,288,99,116,212,119,251,115,49,218,129,132,63,173,98,278,67,98,93,220,128,299,225,255,73,252,68,1,74,203,192,85,109,101,151,259,133,148,166,127,288,246,174,198,157,147,152,55,33,149,149,107,46,41,32,264,287,125,228,209,94,13,51,78,297,231,277,66,140,43,281,229,214,288,2,90,273,47,118,186,243,180,292,225,13,165,122,262,27,144,32,155,233,63
    serialized:           o8.dUFvcoxswcpQqxTvpP6bqga47WJckm8pybHsg4Hsb:9bY8w19jbo1ldFBiY3gGkkN:A3SlP6jGjj0T4aliFH5MF448zVZszhbMd6peBbDyF2hwHzbBqQw0hqy8LeOWuqQAzx1GBfk63qg42rt8:6
    Compression ratio:    41%

/////// TEST random 500 //////////
    source:               266,147,89,16,186,176,96,236,241,88,164,94,223,16,298,1,187,272,71,218,152,89,172,256,69,185,233,71,64,261,143,251,28,34,298,81,191,174,281,279,35,235,100,133,61,267,141,131,231,145,25,273,19,178,238,203,120,253,167,119,131,263,242,73,2,40,171,107,47,14,19,228,205,288,203,149,287,35,93,125,81,212,83,127,150,184,139,181,225,158,143,243,233,290,147,182,102,35,57,162,243,128,85,118,300,130,87,106,145,228,125,161,164,271,274,138,43,255,89,273,34,92,75,29,154,260,20,33,88,265,45,234,35,71,288,81,234,79,65,133,18,142,58,239,85,33,180,84,200,253,39,110,147,249,51,31,34,232,229,229,118,131,181,141,173,73,274,11,210,167,289,127,64,49,55,33,72,67,112,164,48,0,57,31,49,295,266,24,298,9,155,68,67,160,87,35,173,152,64,106,209,55,67,90,89,236,52,63,262,27,89,71,186,87,154,226,215,224,254,149,218,188,39,157,5,37,170,107,131,63,295,63,16,92,32,24,269,97,98,181,244,46,285,31,72,16,88,75,75,123,19,243,6,16,24,243,128,122,21,222,197,56,275,79,163,141,141,10,288,204,85,221,88,14,283,184,198,157,5,231,274,183,195,271,196,36,31,44,82,274,15,136,242,144,96,217,34,10,137,6,218,42,291,1,171,190,144,64,75,299,103,180,254,153,233,10,204,245,12,249,224,253,43,182,173,261,74,224,10,290,88,99,209,98,18,125,26,2,120,200,39,284,178,36,198,214,86,259,79,56,87,235,198,27,156,192,234,14,13,74,264,222,238,7,220,24,101,229,76,58,15,22,28,81,187,71,288,176,102,112,213,19,239,261,212,149,113,188,42,180,260,207,259,218,148,215,100,201,61,284,76,125,236,19,102,170,265,139,55,22,126,19,299,284,289,153,161,37,172,106,213,243,13,154,60,56,255,92,33,95,249,282,249,243,242,101,64,56,156,95,146,202,142,166,189,156,132,228,299,208,112,48,106,270,185,202,75,121,86,129,55,230,64,36,140,78,22,66,15,104,208,155,121,126,168,189,167,287,285,132,159,158,243,179,274,129,268,167,50,203,85,249,152,40,220,222,58,169,125,81
    serialized:           xijb8gniMc3Iu9okxurUgBg1nsg8Xqj1plA08GVt97845hXX3wyBhhnWKzcn4rHcy57IbhG3sWh3ch2qOtPbf3ZkVTgs7uh90gElpH5Ue2rApIwpqlzUzbFZabkap:iOUhqRsauhXPtcyiqScMz7ayuq0aFSBy2aVGibAfGxkAfyia5r:bch4hs9otjk42wxb495HG4p7A1hthf8a52ie7jLaExmxkp3Z4VKirV6ov4jEsHBeO3mGdlF9ygbqiDA9:80N6Ux913e2A60078v6cDxgoBg9jp48qwaUzlGo81Gq8T8pqbbI6w:wMrb97nhnjjyqXwvOlriY4Wt0EBlhHgo:AU:21s40oxFxciRuwKzEv90gb1b9pX2rP0Mg33Pg1W2HuoEUypfkqdhEaA3caHtb0ezqUoOt0HDyiTosfowA3UIaki1W8uigc3p4gah86rgGAo1lq.i109sHcWQvOpt8apzR1zVs3Z5qSlI59jw1kyb1zq9y2hZ3g2f384YsmgAoPmaQ39UUaXHoMrjz0tge1Fax3utM7rwocHB9wW1Um3xhnp7A2McNMqEjtY5qyleaY5iQwzfwrqizncz97Is9xZtwjcOGxab6UmfMjBssAapk8BlxGqHP1Gq7wUvVs49vvcqvbPuhB80UjxvijahOCnGsgzABrge0Mdkenba9pVaO16XC80Ahxe2N21VEq2rf9.l2ZkYvzG4jWuuqPyi1xyD6jbaHVj0Erzu7iFfFh6
    Compression ratio:    42%

/////// TEST random 1000 //////////
    source:               226,35,289,33,290,231,235,179,111,171,149,77,81,235,75,195,58,135,54,195,34,63,74,219,126,294,58,31,255,95,154,194,159,86,42,48,25,220,141,147,134,115,114,214,130,8,202,106,224,175,155,209,241,281,239,61,269,15,61,246,68,289,92,144,2,216,181,143,3,111,295,83,120,235,123,125,270,131,79,149,190,250,239,294,164,59,138,22,121,125,154,65,198,40,261,162,176,239,164,7,27,188,43,108,179,70,262,130,168,290,226,71,208,231,292,84,59,211,254,139,123,166,159,212,21,169,31,259,295,152,64,63,278,224,49,43,38,147,274,272,160,150,45,286,285,78,115,154,240,51,90,264,261,88,179,46,22,260,0,71,244,159,163,10,199,83,219,237,39,248,288,81,4,87,102,247,129,169,263,199,265,122,28,175,121,119,141,278,45,231,238,258,123,133,235,300,98,149,12,247,180,293,115,149,88,163,124,233,254,72,55,299,77,245,187,132,199,37,12,49,90,207,151,237,128,161,85,54,123,104,98,91,59,41,228,117,29,153,226,273,297,213,173,165,107,248,206,106,131,268,254,283,190,115,179,234,268,75,198,61,46,100,256,172,60,69,103,245,265,72,227,111,154,200,115,219,242,175,236,123,282,74,161,47,217,147,210,91,285,18,144,140,28,238,78,69,176,68,98,162,110,251,222,235,190,81,25,9,269,126,284,198,71,263,227,70,157,181,46,246,265,117,202,274,196,74,38,282,46,27,255,12,216,105,60,17,67,260,51,77,245,283,198,236,291,145,22,258,189,74,29,273,12,55,122,240,134,127,253,24,78,260,93,246,231,165,291,238,198,198,42,60,11,272,132,41,180,142,139,143,41,292,39,186,82,181,121,80,121,7,218,5,100,35,14,231,20,7,115,170,76,85,288,287,216,51,99,239,113,189,124,207,61,95,117,163,129,225,61,273,264,54,163,47,120,145,8,228,9,13,282,34,23,196,260,98,211,151,132,255,153,166,111,198,294,204,269,203,12,117,124,91,46,160,291,38,295,217,139,77,208,64,104,292,154,252,145,237,192,278,226,241,203,250,246,260,12,187,23,284,179,17,180,283,173,241,278,230,142,168,46,228,167,159,39,158,84,76,22,191,11,120,133,14,262,118,73,189,235,272,163,145,206,285,165,216,293,297,122,251,288,180,100,7,116,143,185,294,186,202,281,202,215,50,183,15,232,287,16,84,51,76,108,28,216,224,105,207,236,51,215,197,225,102,88,296,62,228,41,125,197,215,212,55,77,265,159,141,95,83,287,38,261,173,165,36,121,94,48,258,117,0,261,124,9,7,93,249,120,219,77,156,283,205,193,106,171,17,69,132,57,148,114,280,248,58,189,28,184,112,21,151,254,12,227,92,268,126,93,60,111,125,205,265,151,235,56,296,149,109,81,4,84,118,187,242,6,233,115,161,203,145,44,193,253,190,91,150,96,100,54,250,265,241,14,263,98,53,60,162,188,32,72,149,155,295,206,7,205,242,142,228,142,97,73,7,125,56,38,119,285,19,104,163,256,128,167,22,149,250,154,222,255,284,67,216,151,51,99,298,258,265,175,56,99,248,209,141,156,140,234,159,265,266,228,9,161,31,243,133,88,147,11,44,30,171,181,246,86,17,161,188,204,253,78,83,224,73,124,219,289,198,36,62,75,269,186,57,242,215,256,263,276,27,243,232,98,282,287,104,85,187,133,240,100,23,15,152,33,298,7,284,289,267,163,299,172,104,77,115,210,32,108,157,131,36,101,175,57,280,68,134,8,53,290,7,73,145,46,212,170,47,50,126,38,250,10,80,275,83,214,99,149,121,19,130,84,109,242,25,144,246,47,149,9,177,179,114,207,277,245,173,180,154,283,246,250,162,5,71,164,236,29,216,150,222,41,6,23,291,123,66,116,8,245,57,216,1,186,93,204,175,253,186,106,159,273,249,186,66,54,267,22,261,243,270,180,253,35,288,27,139,149,4,223,93,189,46,230,77,89,67,269,237,233,195,270,259,88,29,179,186,95,94,148,235,259,82,192,225,166,214,270,297,31,19,269,93,250,194,129,116,154,53,150,65,258,207,134,6,185,109,94,123,278,156,71,128,137,242,49,281,169,268,188,230,212,72,133,233,123,262,44,294,245,153,266,136,1,276,262,52,167,110,267,143,279,229,203,284,22,118,18,191,252,79,258,234,280,254,102,255,214,285,213,214,207,98,272,271,43,71,280,177,264,292,209,114,112,269
    serialized:           sgzA8xAjDtqPdWHiFdabH9r37i76P34g:9jrfQC7gvvVvjj2jVm5gM3bshGjgNPejmgg8phGs2LjrhucptUZxEf7HS8Axbyg0jomGf0pLAVjf3HfpZxO39WlnPWtYCkwXhgmf9Zjh1oMEwGym3Lkw73qY5pImp6wO2l4ysh7q3DAxk7rjvObfqCjXk2GF3Y3AWo80:yPw68H4Ojykgk2m5IuzFeeqqu0Pbk8wFomoK2Q4017uyvkoaoVjrrJ4XUA1h0xncPTgaFwX7x9W3yLf9ThIm5HDtQ2fq5tsIcil1zTmABeqlb2zfzFvN86YH9HRnq4oUB1wNbjfiXJg2xaESfpEchr7oFsxR3GpskhBbllGBdrUpNGgscvQrnNPmrGxxboMZ5NAw2I7x5cXRx98spLjj8erruiLtxXzhak8LrajqhrzEii2c3zK9N5m14ciydPXrPHnNh389xF.zz68Y7sp6jGR5PSx9Rpkioxa4Qq5MrvUcr1F7wh8s46pduIroPIAqh2Q2nFa3Ih1wTfjMgN:vEo9Q4bHSsWBArKoP65gY1sggwFmyehqf5cA4WWaiRf9gf87rg5cwz1PD2w7eqG9xlA4vr0PcrLeaZfzf7FveGzgbx7Ihx0SkoLf2h13A18dzgy2X4wxyqqngz:jaCdX6APcxHb1xRfxr5OwAoCAXphpdq10d4AjjYibJo4msjNprWuQ41yX2YsmohmArlHNyPChOE5PAkWv4Wuaxc2O:1pUgEewNS9aZtsgkqhpQtkHoAIFfjXA2Qcw7eyfncCnjazbaqUOmUft4v21k6pcdwsr3wdbftwPqX5s9Cb4E7PA59ZoHnqwT9I9jWdbVjzUCwGJkEAf9u642eE0wFY187bHVf3r9Gszrdo9Gloh8G47akekov0WnEsn1M2GnvMcspsxx.bEYdVZpI9iXH74EiFJa84axSnrO0PFeqxpqh5z1vG.bqmc1A6PWxbN1Q7cgR7yynww92ljsDpM7pHOhPAhNx987fEU4NTzEjd2zw20kUmiHWjjuvYs8roiUPcsGwk9lUUcrUqadjyctivxcasw9k8vuq5b2j1oI3OHmHSaMhkaYpzZ9Njs19fzrAb64w.9sdngVujnw47ywrurEckqzVEaGXgHMcwn1Wo4cG0YsAcbksHlxE9FPqgwdytgoAcGL7co8y610RAg79ah5PklgL6h.4PW1hgypjqNziFV2q2axJugpi3S5Wl1aNmpOpYluGJmyqzrSviy0F7kzI3HoiPu5862Yzfp2ew8uEVr01nhtpyLvGWdivybVnh26Qb2Q5usemzZ4sw3qbiE4rVtnEKsNdb93xHJtb3xQ3b0tmqWbVuizHwpio3xkPmxQF3UjxFtvj2g9QjgRiN1wjfgM6n9JbNXyOs8W0hbO6cplccnzCqx8gHFfs65ACuGpxi80ckwMQkVKxqfyXBpss2NS2i:vxfwjGz3.cP:qQtqHmpVyy4f5p7z2Nx4Aq9Oe4d6
    Compression ratio:    41%

/////// TEST 1-9 //////////
    source:               1,2,3,4,5,6,7,8,9
    serialized:           0820o40E60U8113
    Compression ratio:    88%

/////// TEST 10-99 //////////
    source:               10,11,12,13,14,15,16,17,18,19,20,21,22,23,24,25,26,27,28,29,30,31,32,33,34,35,36,37,38,39,40,41,42,43,44,45,46,47,48,49,50,51,52,53,54,55,56,57,58,59,60,61,62,63,64,65,66,67,68,69,70,71,72,73,74,75,76,77,78,79,80,81,82,83,84,85,86,87,88,89,90,91,92,93,94,95,96,97,98,99
    serialized:           1gb1wd1Mf20h2gj2wl2Mn30p3gr3wt3Mv40x4gz4wB4MD50F5gH5wJ5ML60N6gP6wR6MT70V7gX7wZ7M:8118h38x58N79199hb9xd9Nfa1hahjaxlaNnb1pbhrbxtbNvc1xchz6
    Compression ratio:    51%

/////// TEST 100-299 //////////
    source:               100,101,102,103,104,105,106,107,108,109,110,111,112,113,114,115,116,117,118,119,120,121,122,123,124,125,126,127,128,129,130,131,132,133,134,135,136,137,138,139,140,141,142,143,144,145,146,147,148,149,150,151,152,153,154,155,156,157,158,159,160,161,162,163,164,165,166,167,168,169,170,171,172,173,174,175,176,177,178,179,180,181,182,183,184,185,186,187,188,189,190,191,192,193,194,195,196,197,198,199,200,201,202,203,204,205,206,207,208,209,210,211,212,213,214,215,216,217,218,219,220,221,222,223,224,225,226,227,228,229,230,231,232,233,234,235,236,237,238,239,240,241,242,243,244,245,246,247,248,249,250,251,252,253,254,255,256,257,258,259,260,261,262,263,264,265,266,267,268,269,270,271,272,273,274,275,276,277,278,279,280,281,282,283,284,285,286,287,288,289,290,291,292,293,294,295,296,297,298,299
    serialized:           cxBcNDd1FdhHdxJdNLe1NehPexReNTf1VfhXfxZfN:g21gi3gy5gO7h29hibhydhOfi2hiijiyliOnj2pjirjytjOvk2xkizkyBkODl2FliHlyJlOLm2NmiPmyRmOTn2VniXnyZnO:o31oj3oz5oP7p39pjbpzdpPfq3hqjjqzlqPnr3prjrrztrPvs3xsjzszBsPDt3FtjHtzJtPLu3NujPuzRuPTv3VvjXvzZvP:w41wk3wA5wQ7x49xkbxAdxQfy4hykjyAlyQnz4pzkrzAtzQvA4xAkzAABAQDB4FBkH6
    Compression ratio:    38%

/////// TEST 300 by 3 //////////
    source:               217,58,246,234,115,82,7,45,102,265,150,276,281,208,242,164,178,52,273,169,30,271,23,46,291,265,219,17,33,288,95,12,40,17,158,41,290,107,243,255,67,242,131,106,250,75,241,135,85,48,97,273,23,217,262,187,17,272,262,98,269,139,167,22,12,196,45,121,35,95,52,135,85,100,185,10,283,154,269,119,64,287,263,134,30,210,14,20,261,15,217,113,13,150,61,86,250,293,296,20,153,111,290,55,20,12,112,194,110,121,186,228,232,109,101,228,69,162,191,86,7,179,151,117,272,18,70,125,279,236,122,64,79,88,272,200,41,95,52,193,282,287,143,68,140,7,24,200,143,78,290,267,78,42,276,177,53,81,82,5,46,264,272,215,100,254,108,63,171,268,137,143,299,282,214,94,132,56,263,145,12,4,83,62,284,241,104,173,252,254,225,194,188,11,187,194,20,80,248,22,298,199,215,42,281,222,75,32,235,171,133,139,295,39,43,196,265,227,138,209,205,210,34,234,29,164,277,156,25,119,135,206,140,38,102,183,31,27,180,259,177,222,94,215,296,56,119,277,22,87,206,2,181,71,267,109,184,31,194,246,210,16,187,246,70,180,58,63,116,210,30,127,51,226,177,215,198,212,216,94,60,216,202,122,213,34,293,71,2,210,91,202,69,299,28,212,185,69,176,263,263,263,176,176,69,69,185,185,212,212,28,28,299,299,69,69,202,202,91,91,210,210,2,2,71,71,293,293,34,34,213,213,122,122,202,202,216,216,60,60,94,94,216,216,212,212,198,198,215,215,177,177,226,226,51,51,127,127,30,30,210,210,116,116,63,63,58,58,180,180,70,70,246,246,187,187,16,16,210,210,246,246,194,194,31,31,184,184,109,109,267,267,71,71,181,181,2,2,206,206,87,87,22,22,277,277,119,119,56,56,296,296,215,215,94,94,222,222,177,177,259,259,180,180,27,27,31,31,183,183,102,102,38,38,140,140,206,206,135,135,119,119,25,25,156,156,277,277,164,164,29,29,234,234,34,34,210,210,205,205,209,209,138,138,227,227,265,265,196,196,43,43,39,39,295,295,139,139,133,133,171,171,235,235,32,32,75,75,222,222,281,281,42,42,215,215,199,199,298,298,22,22,248,248,80,80,20,20,194,194,187,187,11,11,188,188,194,194,225,225,254,254,252,252,173,173,104,104,241,241,284,284,62,62,83,83,4,4,12,12,145,145,263,263,56,56,132,132,94,94,214,214,282,282,299,299,143,143,137,137,268,268,171,171,63,63,108,108,254,254,100,100,215,215,272,272,264,264,46,46,5,5,82,82,81,81,53,53,177,177,276,276,42,42,78,78,267,267,290,290,78,78,143,143,200,200,24,24,7,7,140,140,68,68,143,143,287,287,282,282,193,193,52,52,95,95,41,41,200,200,272,272,88,88,79,79,64,64,122,122,236,236,279,279,125,125,70,70,18,18,272,272,117,117,151,151,179,179,7,7,86,86,191,191,162,162,69,69,228,228,101,101,109,109,232,232,228,228,186,186,121,121,110,110,194,194,112,112,12,12,20,20,55,55,290,290,111,111,153,153,20,20,296,296,293,293,250,250,86,86,61,61,150,150,13,13,113,113,217,217,15,15,261,261,20,20,14,14,210,210,30,30,134,134,263,263,287,287,64,64,119,119,269,269,154,154,283,283,10,10,185,185,100,100,85,85,135,135,52,52,95,95,35,35,121,121,45,45,196,196,12,12,22,22,167,167,139,139,269,269,98,98,262,262,272,272,17,17,187,187,262,262,217,217,23,23,273,273,97,97,48,48,85,85,135,135,241,241,75,75,250,250,106,106,131,131,242,242,67,67,255,255,243,243,107,107,290,290,41,41,158,158,17,17,40,40,12,12,95,95,288,288,33,33,17,17,219,219,265,265,291,291,46,46,23,23,271,271,30,30,169,169,273,273,52,52,178,178,164,164,242,242,208,208,281,281,276,276,150,150,265,265,102,102,45,45,7,7,82,82,115,115,234,234,246,246,58,58,217,217
    serialized:           r8WuPGepi0UJcQ9iQkzbguiAmgQyaF3Qf2UKAs9roh4cwbUc50hjMFAhHur:8rOgpGvhbua7aEMcch2XpwOX2cgwNyxGbkUm1z45FV4pv6y7aFAn8azqqxFT84vwW63Pi1MkwEfr9N1Gm7FmvkBB0kj9LAgT2wce32dNVnjAt1JcHA8GynVm0WPiVRy0i8NZyXIfh09Voy3859v6z1zkvhV4hw7338hVeAkb9MGyyN6Fhag55Q8y3ncz.dw:lschafBsqqNugwUwWh1w4ao.zzNd2Jvz.sb2nwbnr22xgv0mBj7qUGzbu9owtqHgGbAUD5r4xbzhjhpHi4jG3GAyGs39TgXehwCcOT3UrmA3mbubPnB0UeYl2NnpM2mF7xpJn0vojSqggnrS8OQ7g:ezi3N:6rymbnoPkr1u7zophWqEyAF70jibra8IH3zkn95m47wY7m2M8F5naVqzk3wsBsH8F5pjabprqji0g28V7AIB4gyqHlfhWpjar3o7wYbNur3oqzkoP6qXnmaNsjy6oPfV:3MuqjiexQ7U:7gWmyQ8N6uPSnqX20gqjiuPSoj23Uvn2UdFJxsb8V7mGR0g2pPeaVn2MmyIleVT70UB4EqXnbNurPumaNws3myQ3or3UvmWTcNC4MChycpPegW7eVT38pjysyIlkyA3EttjG4gyqjipHdqbhhiasrzxc9oz45oH4UDAYDhqbgG5lqHtrH40w9pbrPuzcp5gGqXnoX7BkG2Mmv3Ua1g2wkoj2nqX1obnyYoj2sbxvP.vzYlGJd1EubNzAs7M.apj0w41wciahwY770Ugy4bNuqPmzkqBsHhWfha9xAclqH7U:dxIvP.cxAqXny4gx485MK0E5ahia9h6ERmaNyAk5gG9NexsbAky9NehWfp3830o0U7hyc8x4hWfzYvzkqob16wQbVv58Fp38y4gb1o9Vf810fhWtzIyYnfFZ8N62giy4geFRiWnmqP0U7aNmnW:kiy8F5szAcFBdFJt3EszAniWf9VdNKoj2e1M1wc2wk6UTAkydVLjap2wkB4EAIBvjWaNm7EZiOm1Ede9Nrbp1UfwI52wk1Meqji3MugO6wY7zYv810eVTxIdjiqzsr1ganaVcxAaFlgW76wQbVv4ozf9V5EJoz41wc2MmkWDhqbxIdchywQ6y4g28hnqXwQ6rbp2Unychc9x60MaFlgW7ubN9pbvjWdhGgq3ujO8p3vX:urPdpHAky58FjOu28h50E1wcbVvA4w48x28hrrrxc9Asz5MK2UnxYf3MulaFych6wQmiOkyAujOq3gzcpyAkiOmxc9cNC5EJ0U7ahiepPtjGuPS7gWrbp6
    Compression ratio:    42%

